1344.2525382480503
1140.3080235830676
1417.698629773783
1083.1347281163721
3435.8150160758223
1495.177760204817
913.3782554161446
1720.1036992185748
1171.1297438149106
4296.944544077247
1700.3240696214507
2886.3228715334058
1660.2891683114926
2518.2804420658567
1783.9159400709539
2662.6255657189854
1383.9553768531744
1329.865559602569
1354.9854370424591
1431.955567944288
1111.8159816721181
1379.8533655495153
3283.6260210325026
7373.226514071841
1797.2775746042232
2342.795954382491
1039.9951742107196
1649.8974460722382
1567.7030844644894
2054.483152295063
2908.4740629698695
3290.333936607585
1622.2802923342358
983.5884245340069
1625.3717862069768
1025.0382917247055
984.4301722550919
1343.1255081264844
7344.5461298275
1215.0941744056072
2344.7520060934953
2521.1451943691595
2254.8657281125
1321.604735959946
1048.4147527301263
2323.725963043783
1169.1273909342153
1313.0363866365917
1104.8620533898618
2237.22333221055
1162.6625415479527
1541.559219635605
2997.963265975832
3231.40009251095
2893.8613018406368
2862.2499066537785
1910.0912579350922
2008.6932724767591
1403.2910657373939
2952.2307767870616
2366.664924082172
2792.398120983781
2697.2512993856126
3142.2172443207924
2524.7483875613934
1320.738124395491
1266.0455234015617
1506.9353810645646
6720.174218290062
1060.282068578318
1408.8544885438216
4215.026215655421
1058.8513125278976
912.6000807266381
1186.8391380269818
1528.1563948037858
2480.285371614821
988.9619523443351
2383.7664922455597
790.253142076102
864.5070987785019
1406.977210599646
2071.8034526516967
1510.9477704492058
3056.7314605881957
1014.8818572032857
1811.5698961032367
2034.0242666277898
2786.8746041597014
6296.72093429241
1443.355180023135
1779.7128035267863
1682.6819104932592
1006.2702443083292
3595.9134055919867
1207.0233127582862
2391.8944167049676
1630.9740179202254
2089.3892173673034
1612.0586129885141
1351.8165885391677
1745.1453860381616
1374.802388373042
1195.777363123477
1182.746398536811
6052.327726388769
1395.1518237062455
1355.0197248502097
1004.3355200113072
1292.3272613413374
1523.3848727940772
1603.8640647430157
1612.2541465153372
1039.4127605616989
1363.4030386765492
1141.6655673268688
1111.7224021939255
1385.9371140582791
1491.053914523703
1119.4174415169327
1243.4402192670714
2400.395133483701
3223.0414519170254
1067.886594709878
3450.9181462865313
3716.5327577751627
2513.7316829388615
904.9540852611162
1502.0847623656964
1057.4783947436838
1577.6128015827294
3002.4316217845903
1090.3489352494826
1064.1000018181996
1423.5475324133438
2097.9975864078183
2965.1315740854743
2842.8407810524404
3027.658466467096
2892.207882888851
1506.3653651327875
2634.691470731676
2908.6884540879423
1561.925646114863
933.7616576547757
1370.1844741725474
3038.0115717937906
1309.103359774445
1374.5389796374825
1154.48699050699
2843.9461745004874
2715.0300211010826
1190.0426609650162
2945.087776871724
1654.745106292145
1346.9187273789546
2318.0024609605985
4740.356177957433
2476.794149796468
947.6974019418257
997.5567531198473
1318.2654022110985
2137.961285105854
2893.77797621642
970.7722639770757
1353.8371904686808
1432.7513085365633
1513.399083351631
822.6915206648157
4355.441152653594
1898.131699918773
4332.096857927747
2765.6857993954995
6148.7787893689665
3190.81401759644
1634.002383651526
666.9694961595469
2702.0970779635923
1361.0599578786362
967.866100301233
3591.669644541348
966.1639028170865
1238.4217918399368
868.359454305293
699.8083990682962
843.6161605081102
3244.192154724892
1084.450570030172
3441.4904128707126
1033.9169410472218
1263.3402286698088
715.7547945491358
3360.547243453279
1413.4809818232964
1074.0129774285947
1064.6352470949776
1054.0255970685805
1701.955927045085
1114.7382948541645
3311.1925101681054
2308.1918631956423
1234.8237651463996
2559.811875999965
912.5407158368553
1595.8025733633347
1624.8912206570674
1524.90850964594
1507.429071637614
1955.1571649482564
1113.2988807011677
1195.9484302767157
1842.0278773626237
2040.931928089136
1377.848064437571
2067.0713272263206
1478.5742655452264
1318.4234403654957
1580.8112871770425
4802.313690389641
1731.4397949512609
1810.3725269822746
2950.7788208699767
3273.3272793939045
1124.1387141184703
1258.8893824952588
1397.25636386845
2459.5744743182786
2452.529137247305
1231.3441235946818
1290.107586306683
1357.7366769233377
1504.7444900082073
2157.800472642148
3101.136832275035
1080.6879292402286
2635.098703147915
1067.7994164251031
1318.872172591481
939.3606053840166
1114.7802993836983
1382.234789971662
1242.2131113939633
2228.798415912401
1642.8964138305548
1462.5131485512768
2731.060159221648
1141.2785649158593
1050.3108219346032
2881.85281272628
966.4818057922882
2907.052760746182
2778.3559571377377
1240.3163846410118
2442.12378788117
1255.137637408406
1225.6895189460097
1108.7728087176997
6421.278329790316
1320.8518050919424
1721.8016995637504
3113.40354470571
1843.4202635759502
3209.249377733567
2011.3251812159056
1276.905929994941
1018.2914603879276
1801.629205654498
2104.175056064021
2044.0351962684408
1332.3662866698485
1992.2382994798388
1621.795681905781
1391.5098813100426
3234.910766336731
1056.7257479331763
1269.8518356424204
3097.5918990046716
3749.9618078591993
2001.2706440192258
1149.9625989447557
2956.042771815704
1513.6557881810857
2366.664924082172
2512.625943570825
2513.2584782032554
1216.5634406410302
1008.1296581890697
1371.5616650701859
4960.668591219674
1646.9070772701427
1376.913584161627
1901.2982637797338
1567.2346047391604
916.6126936113004
1011.3390942366567
1076.8708062096327
1315.9115464333818
1276.2520978018772
3098.4402576928887
1336.1091619378947
1484.5973118455163
1477.6133627522674
1570.0374433560846
1440.1488123886659
945.2186640173644
2748.8390795361915
1836.7515401162618
1373.2940022795324
972.1721615922185
1170.0911321757292
3251.073763939351
1293.238098328152
1257.7108778113738
1517.3334806748815
1886.5850547619243
1744.454212345357
1055.6900245329762
1162.7854163607415
2451.2281998875574
6157.403805520914
1573.6669081215223
1327.4152614779211
2590.16640110026
8211.742426863126
1770.5790359628413
2079.47052197223
1458.5229918555603
1528.9022849154255
1471.9754387782866
1013.7948273901318
2568.507046115498
1402.5133611766385
1463.0475022034764
1685.9154572381078
1825.0494508875004
2843.005947703559
913.3973950188849
2437.688800492189
1771.2400658074605
1730.343496201475
1052.3425177644506
2582.9220508683406
949.307587855348
1167.1573135914125
1404.6726905362534
1428.8617681667572
1249.3088619476557
1178.1993952934586
1427.9605808453437
1091.34889396066
2245.346399137061
2255.620846810551
1309.1742962512074
1284.8844623231291
1326.8583293020545
1407.0465696459878
1931.8057652388875
1383.7586327484676
1369.364141174043
1839.4521945391527
2588.6194607321995
1599.1011858868287
1225.6690482871406
2044.2276479741574
1384.8071064422895
2633.315005548354
1288.5743784113797
1515.7738852036096
1765.4752270325362
1140.0411115160512
800.8917352087174
1530.1314869282207
732.002196570948
2676.987631376934
935.8854180054236
3160.1055616810418
1482.4348987242413
6281.3329043105405
1096.2973285769572
1235.0318471869728
2457.908369689422
1254.3101219483674
1113.7385636612814
1886.8309322325288
1175.78450728885
815.2369948262386
1770.107239509405
3062.072346695856
2183.3384671779336
1374.1322433336459
6112.752348614467
2235.663227612171
3223.5870168203132
1547.9661881004104
3367.1018581700623
3136.533810423018
2658.1173346195756
1110.3203690340836
2808.861891598923
1005.4451680861462
919.3355891754223
1988.514659326021
1352.3386088186373
7196.942533598933
1379.4328684980917
3323.593839386803
1605.2820846204836
1262.1800727650384
1804.2534163893988
1201.6376456037488
1524.5936105703124
951.3923945359621
1220.7799003247562
2535.157961308684
1930.9756844471037
2104.0663715049327
895.1259279369607
1509.1753850164123
1291.4823492279954
1147.6859844352934
1011.9949165978627
1725.8674783269116
1024.6772126848969
1316.7876321319195
1305.2096282966984
920.7710435542091
1519.2318626125493
1277.1119934301523
1221.032909856616
1074.3029634933068
1312.4604072508405
1150.0404131114633
783.980220494336
2340.756414056798
1188.5547869476727
1449.2473193818946
1538.074768556908
1544.9352090096622
1473.6074831086582
981.9947247743236
1281.9757574626908
1435.3274581970336
3201.525194711723
1247.0095613155104
2996.205425194226
1177.8995338593122
1108.7454818706299
3454.748325754983
1208.7254144494382
855.4154851395598
1327.1990494729014
1316.0605119205575
1417.9718846337694
1520.0256650132542
1126.2677901886877
1123.676953120612
3250.209037733448
1714.8454247807804
1107.5716655454476
1343.1760096814578
1565.2478779372764
2353.3908416445474
1934.737361544809
2466.1550612909
2734.486434360202
1159.9464554942197
1801.553411873928
1771.6027311474768
1058.8446712859047
1752.3456760023587
3538.205972110516
1416.4424749051634
1721.3701682978424
1298.4000176249972
1053.719195866252
2869.499002499501
1769.9220283386144
1341.8312133875118
6675.961547560842
1466.2942774163575
2003.2806451568258
1585.8155377867558
1086.0521405911727
1160.6868641228202
5329.915117809429
2987.084357028163
1473.6310532195912
1135.8997112593793
1823.3914765907791
2603.6169509905967
1370.7690373191265
2752.544831833336
1523.4158189638706
1256.917319273376
1333.067675103776
1819.4050188175072
904.1228234761144
2304.333722087357
1271.6967378578443
2146.1892063322794
2036.3590730494618
3066.3085708577946
2927.668439401919
1675.132970413376
1759.309872742466
1538.8312317147504
767.1392705354995
781.8842147243812
1272.5953330017524
3532.804020036186
2053.640108811539
879.8281959720883
2746.427561134762
1256.3362732415549
1542.3599711005788
5350.10837664996
1722.3669395666502
1223.7708400052882
1657.7421854747863
2611.073668972239
1534.151506260327
4610.171574209147
2012.1859890148808
1150.5729429696705
1653.7765550845386
2985.192620879023
1074.136431437586
1362.296303193652
1392.4281164985682
1835.4609671727715
2847.557400006715
2639.1730424838124
2306.472000070691
4035.5117344894456
856.3388471498245
3174.330166488357
1893.141854402316
1437.5790886198959
1947.1540968072663
2369.0891383063
3283.6260210325026
835.2735612943992
883.7518805804665
1399.364813417333
1334.7138162802705
850.1792718315285
1230.0830610513979
961.8572809071864
1544.2991726848984
1019.3936795831671
823.828675691387
2119.082385440676
1090.6704757022492
2788.8027959140086
2637.3852705832146
1334.2192115904334
1342.3552908299594
2451.0255146141553
2349.4720620602643
1293.7307797906012
696.3454382463184
2076.7319421933494
2896.27747801207
1294.8293618954442
926.1577676081608
2450.9512062493877
1163.3008595740635
1895.092046806398
1436.1565564227858
790.2036713030645
1627.7312019046046
1198.5994477304632
3825.788084292678
4868.720547259232
2291.870193955822
1111.5942782160682
1474.8782881250527
1372.6029253033928
1367.8494967948488
1350.1282315270284
1447.5789076267915
1164.693846484323
1458.9776321861934
1706.386915262544
1601.7095889198815
2305.516608780003
1003.0219758929247
1580.8938089157716
1596.7662418052032
1349.947069248685
2186.698616975127
1950.6234213809535
1280.2625345655813
1374.802388373042
2581.962551141181
943.6389762439916
1758.7006820495656
2601.65063594824
2012.3786526875924
5306.946351800783
1529.6432012435082
1515.7344109095884
1239.18047262237
1140.7818369231302
1691.811126599857
1431.951641984674
1229.2900259725457
2256.951214372424
1168.7346645166647
1169.1347391265335
3360.401605198963
1014.8284947336034
885.5410464283541
1623.4993085835947
1133.690688012112
1559.7771662854311
1349.370885047665
1375.023520841294
1485.0335171168247
1245.793345543243
1515.4260264550117
764.6582219166285
1716.2876348251286
1734.971884156686
1942.3089902333015
4023.644796058245
1122.0714171528734
1300.7539491179166
4202.145686557603
1908.8407978258394
1424.6688355427289
1385.997316163095
1497.3923667676895
1320.7147549995834
1161.926617341481
2196.7573203847933
1331.2855914188935
1477.025532031248
1549.1427967868665
1010.55185792824
765.5887001732797
3410.4295457937433
1085.451365207385
1479.8326846931868
1492.9194949581936
1679.7857797124575
1169.2891893084939
2475.3666869804765
1906.782734801751
1082.7434116618724
1400.5369377568468
1588.7515508549448
2743.7956620919376
2977.6250139636936
5766.391155776043
7005.260608577358
1143.156984926232
1219.40614554274
1325.1415943997508
2451.9491138670073
2462.3484511426436
1321.5334683543997
1574.2403568517516
1447.3043964812334
3357.256863376751
867.5165239432284
1275.4687810900218
1614.0167573192205
1995.0110355926586
1419.8553859456176
2131.6182628105657
1457.516482014803
874.9376597324479
2057.3711485529043
3612.2156320895037
2541.947604603712
1088.1986808851625
1156.9895789294653
1522.7066404083157
2521.1451943691595
1369.3041608043727
982.4280407527837
2767.6891886064236
1045.716638414126
2302.73735556046
2256.770091149516
4170.142185009987
955.6197877642127
2771.5895360286277
1378.13277891965
1649.7660580402444
1467.5085802061508
1136.0233259174945
2653.3095563145357
2834.033693615135
5227.589019587594
1352.7828405954272
1170.7037007099766
1235.5103181537513
2523.1678581660703
1804.1814335554936
1451.9550951058072
958.9475834043855
1255.9427309157302
1235.7421952463158
705.5410239452599
2043.9305238578618
1311.0962586392218
1353.9987270245401
1798.035186216153
1467.8415226645573
1068.394892223153
3029.4543324582896
1484.7457837984514
3053.751604099894
1082.7505553474016
950.423840726787
904.2615179447571
810.4676654820967
1280.6890304824842
3266.5476756387507
1770.4906919489968
1114.5144250965402
1118.8467500243032
1502.5813847533036
963.3045584978795
1869.3935967396549
1323.3815768970785
2932.60003231983
1419.7539506091882
3415.1325478217036
1166.6830463070617
1288.3932586202793
5399.95759960719
1559.927325288052
6980.444263332071
887.5128768421387
1237.9573153561403
2032.5274673921806
1123.8011769330985
1458.835653674821
4610.171574209147
1680.5498793338759
1473.0235727644636
2424.488243322984
2223.7006332274245
1416.7925735443832
850.4632872041509
1998.6097996592102
1153.877505941713
2421.3707083796753
1191.2230434161315
1073.9494342639366
1181.2893092379215
1524.022425131256
1359.1918908146515
2745.84688049673
1408.8687664942522
3055.501469583021
1646.6384568251126
1234.5861389131726
1236.542700618228
1808.9088609881271
1470.8397520497624
2146.805485054219
1142.2582944283063
745.7960515195456
6578.456624377482
1573.9890509179847
1541.1056721255752
1162.856665070087
4677.035546444465
1554.2297005779458
3394.4636624539385
1269.566983549753
2036.757793310251
1309.555835448495
2130.2811377936946
1591.577780188958
1781.767036922827
1491.4453019737734
2249.028904174917
2160.5067032180764
1406.25363309346
2184.0694687504556
1018.3985633558729
1541.1907739836454
1858.9791660978128
2138.759386036417
903.897267297178
2909.027905597187
2924.5504607873504
1899.8037779484744
1968.8570828886823
1175.334301180192
832.5537595941547
2366.664924082172
2496.81732867698
3098.7391524534514
1008.4836587532894
1018.556472959824
1991.7367674862414
1020.7967575233837
1373.959479386271
4426.086106343111
1346.5707994946445
7470.260427977743
1401.775394349136
1265.6617599894453
2347.4788819427386
6050.924089266561
1759.5946406175715
904.3913294356637
2960.9429509167403
1097.9214867183605
1470.0571878247642
1104.1453477119082
1489.8845540746588
1504.7677698122927
2870.958431774037
2297.74739476518
2119.5113067235256
760.8124175374858
1400.6724703223765
1457.237867304568
1492.256282097514
1873.932976758359
3029.834499858873
1722.2138834443208
1688.1747180056107
1308.6338773801135
2240.0652407706943
1675.1553175832614
1697.641876439014
1476.3035844001652
1452.233382595138
2276.703926453339
3141.155298724363
1347.5020339816697
2708.762045769598
4493.789499924824
2779.566562015564
1585.6831609113692
1625.6467895939031
1234.1110508811485
1583.5978076654094
2837.654067239146
1383.184903106287
1980.2023482739012
1611.8916822053131
2366.664924082172
2536.434539744884
2472.913915920321
2014.7202333721177
1410.780161420226
1842.0278773626237
1353.1977069170844
1509.0814586695033
2901.50314609079
1545.401457131202
1394.5959214962047
1507.7789611037458
1399.7065424823252
1020.498552038651
1511.0814891320872
1545.6488547986057
1069.9179596901213
1187.3414346727739
2452.0849181654135
2805.7261557844113
2461.214095863342
1216.6592690874927
1230.15308353124
2867.728704777927
5277.51304109438
2209.37040807899
5062.9562930524635
5154.759739708903
1764.8768371673361
1405.4458721462363
1305.7810663549399
1025.6057264989258
1569.6864723494887
1042.5160634751205
2494.784010351912
1210.4385261484222
1143.012822073651
1186.4132355418842
970.8322546210744
763.4025987661589
2294.2103066050745
3769.6344773905316
1714.3115902220457
4432.78482230903
1596.4289302282418
2714.636305735413
1006.3548008569429
1263.9948528604816
1324.7105832665463
1925.8720014580226
1378.0213355631352
2269.9816735813965
1149.4439126344482
2468.0053068030434
1583.3297816788809
1097.208069247513
2735.3877420321032
1205.0388218388837
1603.7164101017356
1353.28735256423
1841.1556296626586
1169.0650149143294
1776.3474036260561
963.0440876139949
929.9853840465848
2351.284253769346
878.5283522631652
1419.4426511769966
2549.415516282852
1669.271016135384
4452.245811703305
1480.4894451692833
672.2731229899761
934.4413885784274
1285.7701684631827
1869.8750404496136
1387.48854379219
1148.3532448519065
1141.6978882525632
1196.2135348636816
3448.533688070214
1610.0323074976332
1060.5252130528265
1841.5669648427456
1157.2155962040197
1490.2099871631672
1891.7853514721573
2168.6711130948215
4664.222397221197
856.2956461930748
2026.2880886971864
1094.6382734641068
1427.2665638121398
1252.095211965651
1018.2914603879276
1499.7523816290839
1475.3103042244777
1132.347475773821
1856.0674840022768
2013.8499947503606
1261.2200806409926
1555.3701919732664
2592.002365269321
1671.9856560294359
1004.7222596682419
1073.3664566000741
3010.3789081124505
2365.4669321281376
2352.606109151004
2304.4074923788107
2453.363516476775
1244.9225319643413
1528.0169825340233
6874.122706592359
2014.629374703785
2072.48137188613
2788.8027959140086
3087.2701549113503
1007.3108229993122
2093.184838759246
2948.5765906105303
3481.960674197574
2960.2181470410983
3650.634488827992
1073.0064885806037
4347.562452150299
2486.1513639554437
1876.2083424805699
1250.568045123301
4988.385356864834
3412.7838022328897
1055.9170576546935
1441.5483357720104
1134.0671564113306
1651.48416641886
1276.587673624404
1338.7500237632514
1809.7232306721862
2234.5463867884396
1829.5741231637255
1729.7791416862124
1228.3967184099204
1093.3767866563846
2859.3960081115533
1482.6051244903222
2290.486757794582
1576.0119431664157
1384.8071064422895
2397.567840836847
2014.1896561058334
1267.5250966930553
2711.1427493546826
915.180753042106
1116.4315713221952
2591.8623220626873
3421.780006432422
1709.4152451719026
2149.696943652728
1119.9975157806198
1251.2178064767672
3175.0461732650065
2072.932282934046
1975.7836851615805
1489.2824085010832
1338.9849343666642
1883.6762608200634
1204.9050763950893
1926.499594033297
1280.0678567888522
3228.9619394204146
768.5851580825433
1750.730031270186
1042.7411272794175
799.7759584981903
1356.9057907122872
1100.8024202301167
1611.8500680803393
2074.9601041128253
646.7536070227404
1818.7695198657777
3142.8111952349473
1346.3298149178902
1795.3828595145305
2260.3526992879715
2218.661013366635
1005.8523789881356
1337.2802031613394
887.8103958687394
983.2240901564505
1048.8942611475047
1086.3390038956022
1102.7560494723953
2541.647890487704
1503.2869809536683
1291.3464867816879
1332.2981603019186
6970.132302042078
1030.5703284358744
1278.7626932929454
1015.0770278169788
1349.2018720602523
1243.0140189375516
1034.7860436472206
3055.501469583021
2751.932766923914
1256.1769360277724
1706.4928517408134
1514.072087045615
2268.697176631943
1521.7261057195308
1183.7196364614708
1332.214457171276
1622.8831442150404
1957.0684236169677
4922.751185561325
1725.3891698520029
1170.0828319243403
1027.9243014479814
1630.034852793353
2093.011131490249
909.7707843984579
1967.3551627815423
1590.312841662659
1565.5445757028735
4732.806055541676
2517.0152085312284
1400.0992465709119
1175.1183394124694
1936.5838590265716
2195.0707210786836
2581.5219458201086
2118.178626430962
2359.763069223828
1690.2971397002589
1348.8098876822366
3235.5175591625343
1178.839068566054
2500.298434212423
1888.182800991922
2955.400038909818
1193.0885260312125
999.0296051698148
3223.0414519170254
3323.4717217081975
1593.4064387680282
6280.080490919372
1430.1184875331778
1278.0461028957536
2457.0180139933873
2048.53454834955
1285.9905041694392
2058.4879352845005
3089.4333129602082
1083.9463884229217
3338.981729467462
1337.6965246062744
1536.5675718045854
2822.7481238420833
1466.0085562987128
4274.500886505317
2186.5928898031266
2646.2646273331466
3929.302486034988
1627.4445457884003
996.8037423964405
1347.0556181162506
1124.5212980841932
1501.486070265243
2052.80315124822
1195.8472631633153
5273.128529263637
1079.8715956494334
3353.644747884435
2827.6994653108463
1584.7417684806367
967.2139208613473
1436.794139599222
1863.481301611119
917.5684112824999
1011.1552069162799
1382.8062629733029
2366.19930247094
870.3985936433193
1441.4405509073897
757.1730119232755
1482.4348987242413
1520.908301379228
1018.774600835293
1337.1639402205549
2546.452322333632
2573.407426029955
1212.0960147028466
2081.6477718356014
764.0678726256951
1302.4678254670441
1535.6788770032877
1477.3318080249094
1195.5003889396337
2437.8211002769945
1625.9967933835985
1414.6944576064843
968.0870436821183
2115.8559050204
1205.7957537305026
2995.0237073278117
1329.7073880789985
2276.3418222525133
1127.81968723996
1248.1154547351769
1816.0077456282427
1090.374799589682
3483.428460574119
1543.185607591102
2667.6993040046063
2894.5300099603473
903.5907377018232
1364.6039697173735
1154.5798258527295
1991.3172008278852
1827.8801193940021
1079.7713229840356
1112.713199284229
2645.1631851615944
1278.7680171987215
1136.2537285395474
2416.695204955041
1204.3883947606791
1053.9820863854422
1332.6866347652785
1372.2595404662172
2645.870614180239
1352.0271880856167
1094.018927916757
975.6360749571
4767.288228124636
1221.9635841962172
1663.082456052548
989.103089197792
1335.6148871990051
1691.5182626534368
1452.4089797722168
882.4600855384632
1378.786899582906
941.8371958339534
1269.282948510202
1327.7782789942785
1157.4318503197815
2217.8755961392553
1086.6169248912847
915.9612608929574
992.8746180117156
2772.566075912651
2850.6116560273144
2500.2293113126198
909.4724714277754
3701.7000748486025
5964.5321931116005
1928.6698975046818
2251.0855730786
1748.522206095604
1806.2422950534544
1473.9091174733874
2081.4467022233503
3537.0308697193423
1452.8806566249361
1761.1342908543756
2248.015262576038
2536.958396480682
5008.727458889865
1459.317923754409
6215.816027797142
1802.377231487065
1013.0173547198245
1504.41152613702
1150.971697498248
1195.60213175142
1737.2566556727102
1237.9404238416444
2840.7046354615954
4026.333895794844
1720.8536015786472
1018.786998755067
1199.2071376125016
1662.97785882385
1595.934431254659
1176.6086095447995
2326.069614864478
1293.9661000410656
1517.4994941957775
1495.422933694307
2388.026641016442
1510.1581153434608
2094.0947103434596
1458.980027865418
2429.133099120125
1072.972267138694
2942.590302429355
1089.055635920476
2731.2931507174203
1782.4588692747773
1422.158418456732
1408.854391856214
1342.8716142123344
1963.3801483470754
1389.9698620007443
1624.9395135425011
1480.2634128974537
842.1790819732248
1509.4917715048994
1276.6069722152886
6052.327726388769
759.6279693467837
987.0985772235229
1063.1562559771487
1189.1017652613111
1627.7974312112194
1101.84836649643
984.7845863163388
1007.2212096755137
815.4386009942881
1705.9949220256133
1255.4759869908844
2515.338747730302
1903.6109442186375
1135.1364222774155
2195.781127320648
1011.592383127694
1804.834400224168
1271.3714143882771
1377.6283907513878
3028.372930429937
2683.2886183028118
1762.973385446465
1072.8402569865773
1635.1812216785734
973.4303349816428
7334.98859922723
1312.685248282529
2024.8315760682988
1167.54755464283
2019.8352490938946
1908.423786241624
810.9381736426919
1836.1921651904283
2867.728704777927
2499.2298537173983
1106.6933005185108
1177.2357795235462
1359.0834085430263
1064.2025190256059
1376.087094831161
2501.3497430863667
6517.7161645583865
1416.520381527066
1707.0918801802268
2467.9676421822305
948.8962508844068
3168.4756915074568
2166.3283694700867
2269.357403569214
2897.591694467706
1374.802388373042
1672.0660318204784
1594.9018264576766
1788.7204567622691
916.7210205706606
1432.6877744013075
2208.627180805618
956.5645285228037
1275.244412999055
1539.5323396942374
2991.9985872915177
1677.2758492223184
1774.9416021034142
1355.9766146530492
1401.6703151478073
2087.1867720532787
2311.0947329022306
1325.0111324072254
1266.2874261464526
1718.939732008107
1712.0218997588145
1423.133709710011
3057.833464632367
1017.8981495709611
1145.937809649251
3827.760716842047
2104.114297283817
2687.5501905080087
6710.1012569212135
1439.11089069061
1366.6371808705887
1392.613641169094
1699.506013216818
1676.0478819120194
1084.879359467077
2122.126538628549
1338.9983491128278
3400.493342684031
1979.712278478735
1676.4874425796365
1382.90680041294
916.0624925410935
2677.593344569415
2375.3248758214663
1467.2696260765833
2792.398120983781
1933.569134235377
796.1643583688452
1888.2692614239995
1782.5216791506325
1227.429433765822
1255.9606732602215
2942.590302429355
2048.6640163876596
2374.706500333056
1225.7783627706142
823.1359225077115
1384.8071064422895
1052.0254804824478
1736.3584265562813
1015.1700697485841
2665.5923092601697
1215.8742107693786
3977.6622500690855
2738.5147408011226
2472.9245703269594
1864.2163298124667
965.0189162416325
1301.4068789476676
1880.4092099689683
2450.9512062493877
1598.7598031381665
982.4548397993804
1345.5326517124088
1212.6141082429147
2786.3295476417065
1597.3840143445577
1256.2898033676854
2417.6655594759764
2393.061277100593
1944.9832963425151
1280.9307610477283
1348.3839547588857
1515.7860892163558
969.2756778572323
1068.9123616936058
694.7287045596848
1157.0473080247498
1120.9580402206714
2633.315005548354
1976.7568403470761
1221.903110867163
2494.0492888682643
1517.9620701460328
3176.4525438943992
1239.447239227364
2431.7585267389727
6908.1453582952845
2152.957240306126
1126.3641046074285
1013.9783888368362
1245.5236397404583
2628.496112017141
1462.911521685134
1126.8424118576465
1634.1548094057541
6521.292179296324
3278.02719399611
1198.3581154536325
2427.7524930461827
1233.5447489874728
1345.7455164729026
976.7717038167956
1056.0062845846105
1888.8525932080024
1408.725021819226
1021.8686290271456
1338.097940810025
2200.028373441628
3473.4103511495478
1564.7661889058984
1581.067654018943
1738.4481710387136
1229.1697832731672
1411.077009780753
3277.44016052285
1392.9555114583402
1225.9683078974488
3510.999266423408
1424.6188443133665
1161.0834010243395
1068.0590970893938
4589.259840395088
1012.2794516560062
2733.8661550796623
4073.2791545177333
928.2501807220466
1077.9425488118306
1234.4652355553926
2256.2688481859336
1616.0223975072042
7388.142777659186
1826.9580446777359
831.9544772845496
1437.1325575854632
2627.101879223062
1048.4753903759406
1270.9116128363287
2353.6147969529966
2747.6742694939503
3701.7000748486025
1570.9522883309571
7403.655495349536
1665.3156045425203
1599.5525568684868
1796.1768090037979
1820.7942068822174
2578.320573248966
1583.9464516536082
653.0964493170677
2048.53454834955
1031.13864069644
1792.733400928201
1318.915880326456
1099.2935118345392
3900.9477630111537
6285.8747532094685
6485.251857615916
1487.072291595597
2356.4190865380065
1028.599816045505
796.658826404218
1186.8332441173268
1675.5201971446036
1355.5846374636137
934.4055171867549
1860.9325292743977
1487.7093745218008
1134.7414279900352
886.564385467895
883.7518805804665
1057.4719164604478
1679.2125732381003
1704.4630102487379
2645.5685488465256
2234.6820828617124
2367.9038436555884
1147.2608338973796
2145.6168866252196
6623.131461291782
1587.6511566263814
1007.1252784719502
1185.736666095837
1445.051309714222
1610.4635654139347
2053.7065686508818
3613.367218637481
2851.2515115096166
999.5736574558853
925.3586896312888
1532.978238518659
1166.8020995708548
2459.5744743182786
1353.9987270245401
1505.2718801236679
1823.0054958337994
2262.442042363413
1974.1500931774556
1390.6411114983814
949.922308605694
1277.886567708635
957.6965292358989
5110.6689938799045
1420.4518361175158
1757.1354195346898
1012.8863479472105
2950.2562994298873
2045.7544945950763
992.771453389152
1084.6863161684569
6332.189141214605
1474.7807963149098
1089.361348760527
847.3396015598231
1324.674959848283
1159.623387749215
1190.074906907469
2045.0724931920893
2137.497177370511
1144.3442182287642
3278.6735718949735
1733.468063745132
996.4089451151731
727.2405945733082
1729.9464675673883
1307.3827833374664
786.8915005602968
1242.149768134111
1337.8959849437927
1290.1331700548124
2272.726045378449
2729.232450696318
1690.8365309040935
965.1431301783355
2240.194940824822
2238.258711308057
1238.5246238250413
6176.4750801088185
1502.675169273038
2545.5765040301353
2693.437157577443
1671.3860105736303
1552.814434916786
2509.6319704687894
1021.8228791535415
1390.324894958605
853.9730659327254
1677.7879775795825
1947.2815254985665
1711.6605598500803
2339.6439408248452
1433.4263575122743
3233.9181639057383
4006.283224636377
2034.7084402833284
1904.76611657206
1381.3535013905935
3047.5509819251088
2570.7689989821624
1930.9756844471037
2458.5731082219027
6306.511518149139
964.5272402915643
1489.9511776436977
1007.1577442471463
1194.1107272933987
1557.5656428260468
1742.0476543793156
3532.517431184267
826.7964545294988
1238.3815422743148
2366.486180058362
2717.8654453387726
1385.851694924169
1514.7329138930063
1129.7061355548701
2043.646864745407
1424.7176319960308
1399.2992687563778
2788.8027959140086
1657.1056315494795
1339.9985093412613
788.4983614890054
3439.5319522773752
1453.423240322415
1188.5396324788924
1048.7004749162634
3838.421276114091
1025.9616389851456
1474.2846120664196
1233.1050829415226
2030.9125421812187
1056.3085595002672
3088.302367236451
2024.2196523160108
1207.30468156733
1087.5985698310196
3609.251875681387
1218.7630385072976
1158.0846196152968
2955.7794063833067
1144.4376998416712
2788.8027959140086
2973.0253169650455
893.944146201663
2103.1040463562663
1073.3294438983373
1153.204047327293
819.5755506214168
1056.453232467074
1140.7573657871435
2899.039391929125
1187.272235171601
1257.2840170336058
2371.9266357113124
5273.724293165442
1300.9248188980714
2311.591312302054
1198.1899772492075
2392.0657569544346
1509.7973382510052
1401.1640922022527
1106.1624733873252
2495.969086120399
3038.4604764989226
1429.4272658730306
1167.3125262268427
4023.644796058245
2320.575833908601
3016.091072948393
1107.6937924406366
1518.5631372422254
1299.985280652576
1322.841630260431
1394.5675398950245
1103.2804837396716
8428.41594255675
1357.330420148689
1226.2264246721334
2842.6149565603164
2607.2311316181003
1559.295216844877
2876.7392873269696
1290.7523155626864
2551.295937845782
929.1624506459995
1815.946832125143
2343.848174721546
2129.542345098146
2363.785953692726
2154.245478421802
1206.5364945676454
2505.849888035921
1500.3355311341093
947.4671848912224
2835.501743829598
3501.6401628244985
1337.410190265071
1121.244212916919
1252.4033294047442
2323.4426925980965
2198.7970842903255
2071.297744752222
3066.565116644368
4385.117049127086
2608.8785310832704
5216.373236561049
923.2021175265501
1070.2091722442135
1978.383401657827
1873.6044809456293
1918.834472586508
3119.84563621058
8428.41594255675
1398.7842644818963
2295.3004439545225
2911.039563293008
2129.7128332889524
1593.756821529742
2982.7316280131463
3379.4312803860926
871.1777162423945
1645.6975655382644
3920.7215028144014
1864.918515921182
817.4165662337308
1454.1962589888292
1621.3633613616462
1474.9772039125041
1818.4557638966699
2081.5733872282626
1168.2797069912242
2437.688800492189
1402.267039382309
1092.6264449361413
3620.1131124180897
1606.143775509043
1060.8021043750532
2926.4103932294124
2688.0715772547996
1029.763049150082
2537.749717378733
1960.8824692721532
1291.1986486531216
2210.871039500124
1836.0652018742717
1095.1171448293253
2363.785953692726
1433.0636325856362
1554.8704348843446
1539.8843094290557
923.9937450025469
6908.1453582952845
894.224893934688
1052.1536484308408
2289.158420665245
3439.403174460256
3186.212239024835
1508.9552300067955
2623.755924795485
2069.3748311661516
1457.0561604634863
1547.8388669738697
972.0245825203004
1650.1660832313494
1184.3849375737323
2163.5882867609885
1151.4597842815247
1337.4973387701928
1778.2369390164004
1814.4433716195604
6717.032119927938
3780.513142049178
1092.2569864606326
1208.9974117630477
1461.6307299250868
2755.754094465506
2976.3681338616875
1606.003016125939
1588.2111420289025
1392.1970627419278
2403.058257043659
1688.0257361739498
1299.5380113925767
1163.1593928609823
1759.8623477964918
3735.3003444099663
3020.1171995266363
4907.221189899974
1028.63239460244
2006.8012929113859
2814.2486440735615
1663.0473152069603
1128.612654992018
2177.41951283717
2311.217753387203
2077.8552790993444
1173.217931007438
3055.900319524253
1402.5133611766385
1755.4696732772536
1191.830359713127
1569.5893438625203
3485.960488664534
3173.982903488512
7595.41814229575
3567.7782528681237
2304.225396949789
4241.227672892457
1666.8450989817677
2678.410783917757
1319.1177470006485
3219.815079626972
1026.2059457259304
1136.0399007404058
2873.2007274106386
1572.8157174660641
2405.1504670863687
2833.1520429633
1373.0781477054384
1245.5539594576073
4706.8008602003
1623.845063984985
2110.0016261023557
2732.714736730004
2206.3415784462877
1211.7614416698966
5756.916897238339
3439.9271652969696
1516.4808483764812
1651.9259293559826
3376.629678272038
2633.315005548354
1990.048572246078
1275.1043929251348
3428.8508379586683
2044.3439308275827
1158.7258619058462
1169.6391877382546
2255.3562448810635
1369.7436980149628
5634.0080056884135
1958.6835045560094
2970.7956480163934
2001.7782187153985
878.5745840335542
1182.244090700018
1395.8228389371798
2587.1191393677846
1490.8160583117851
1374.1009906845143
3458.1293564845223
1661.5900114652623
1298.0381026548262
1375.3835357987773
4773.348528271302
1487.7680827096392
2253.408118845393
1833.8022291964612
1808.3578457197805
1593.0285514330142
2386.699768089112
1951.0630939219711
944.1615970962799
3701.7000748486025
2814.2486440735615
865.2817019637968
7649.0064160149
1278.468116058448
1778.553369252575
1523.7679189455453
4066.1951048832707
1347.528943638584
1337.965117039856
1222.007774451759
1007.9544202633109
1854.0140007707507
1340.6833959319938
2137.8455587698313
2035.5013396074166
1472.7215094392013
1400.0992465709119
3415.7148607082604
3074.095874896136
2633.315005548354
1627.2636074552038
2550.677524817608
6358.487816163413
1890.9536758179427
1195.9355419452447
1534.184406040415
1446.7565931552933
1544.2187309091482
1693.453969171586
1338.5616192133723
2015.8198352132258
1436.2740420290145
3356.978111006043
1085.811549026436
2446.2893252484005
2043.253218601813
1326.4219626013603
1250.359628290437
1670.9184156530948
1338.4402973359954
728.2033550178788
1924.3844706612197
1438.3079022500049
2859.6304575667987
2362.156863522692
1721.090046302518
1509.1303878495012
1182.9743308235882
929.576376956985
2509.8174131253454
1280.927049315584
1372.6029253033928
1542.0553715958818
1277.7506030615457
1672.7398472899995
1111.7300654464984
3613.700781426291
3615.2481369662623
1545.8057317117527
1190.7211947872202
1194.7269116975594
1339.5241129893486
1893.1455769348454
2183.297365963247
1264.5156427577933
2252.5947236160646
1404.588041825196
2030.9098538456124
2118.1938093470335
1439.4512212398095
1766.876402821808
1233.1377265378558
1235.6282486211935
2621.8411285254783
3164.5657338118067
1976.7061081125507
3045.387154113447
2820.6652138875684
3786.1302029843255
2276.8065779592316
1312.1991495734944
4566.89898673516
2988.710210311566
1504.941271019588
1121.1540936218764
1321.1785469391914
1321.8123551017848
904.9306786946262
1592.6249884889053
1161.1508090453303
1150.5729429696705
3282.487683927386
1367.543698148253
1058.0091398980512
2411.670910007489
2832.7423301825766
630.9152686942263
1006.6886860438397
2890.2394331584583
1870.6229106576689
1990.3618708572699
845.9719395936758
1176.8468926427408
1534.1988258063668
1857.27209266928
1357.272840225411
1305.2321489243234
1585.903890517065
649.7495365183042
1708.3876720535177
1915.6040703595097
711.1827613963447
2240.3076885547457
3886.4948541848016
1519.224836295
1357.3677810251268
1438.1143045857352
2343.4058879313843
1536.7414267007598
7615.681941954774
3719.2506809738934
2478.3954078964507
1072.0773608608943
2233.3542291185163
1446.860812968873
3978.6704271575477
1538.7039048107574
1822.9043511555797
2600.746326655792
1703.164820717323
1588.2809746355995
1196.108304949993
2341.7332200423675
985.7772612742901
7902.860057565907
1364.2590792950461
1522.925946464504
3128.294551496269
1151.3494468290855
1013.0470792165805
1258.8897083328168
1020.7243240986992
1241.0261828694313
1356.5590116025512
2321.7425738113284
1243.875533193917
1666.2932995804886
1811.791225135251
1439.9201505147319
2239.762207553942
2802.443254758652
1524.6185176138395
3446.1284847462257
3181.360580173971
2531.037495677315
1198.2675321143263
2703.2991918997095
1114.20480345706
1933.9677704852495
1154.1364155368774
1387.7958525184806
1264.0599508780267
862.1975059022335
1173.6861679446836
1436.9982465421797
1711.3064672100063
896.0244033953245
6031.621005107647
3904.4653186717746
1788.426173987098
3136.1939501057
1375.8264871353742
1676.943969202936
3690.4452219192694
2211.913111569877
2264.286497276887
1682.9139654451105
1376.9085920182024
1847.5850561755622
1177.9058813835518
3521.0676566680213
765.6896812791852
2767.5657883007834
1464.948786922509
1345.7888986185708
1270.7641337647067
995.2022311289944
1180.8730745727385
1982.446875543057
6450.492395743348
1503.4343194659518
1000.8608773584692
1096.1962190432469
1199.5918107606965
1790.4819335004913
571.4500197813475
3024.866573338255
1625.4812709575172
5108.766590554707
1297.6289278983622
2210.875993349578
1321.604735959946
1196.9456084028602
1386.970873791426
1030.4692720215533
4362.211548895885
2686.5487884067898
1174.2383182590715
1052.2816641659767
1159.9333988829296
2217.9865969460598
1679.1406888454462
1360.4038561082812
1005.5074190441223
919.0651944107715
2625.4950309412925
1620.9551863313004
816.7736207316698
4854.388274478302
1125.1081892611878
1366.0990310318946
1460.2574231700733
2847.557400006715
4543.95262763813
1248.5724743009073
2749.12549120989
6244.230587129394
1003.6562912935985
1439.194549211569
1394.3472934957756
891.6015785276779
1453.7943834489804
1129.5776245410966
1151.0521105738276
974.2498046111571
2255.4445874613666
2956.1894101838698
1546.9181844842105
1505.172479594694
958.7816645556784
1704.6281349167932
847.9392750420054
2096.9630719280267
1097.8271221277298
3899.7084706668406
1899.6884603680726
1508.3508118252685
1737.0513164679242
7354.591067435318
1299.0334211605511
871.3495664236358
3861.402284352441
1523.364818547253
1308.853100639264
976.3828157342008
1044.9011580936037
1093.7427349553311
1273.5611869182205
2424.313398175633
1030.9763966092678
3423.0914753808997
1134.6227177954734
1443.355180023135
1561.1679813619432
1440.330903083192
947.5142747573125
1413.6821509205222
1655.1204861863669
1807.9931678606151
1639.386153737078
1619.9723368274886
1960.0960351305407
979.4030691957927
2180.317529101846
3174.7721054537233
1162.1875505165226
2152.5589766752632
894.476758889972
963.4750180925033
4522.8452145562405
7920.611410566023
1043.22316773595
999.0038084065117
1918.262762268619
1189.33256600098
1266.5546190334119
1518.5228022009128
1566.8772827125413
1108.4309501418716
7649.0064160149
2086.9674618809963
1185.2651742783264
1450.432972352943
832.4295451786035
2984.4106245877747
1389.4939452342387
1261.5956893853274
2418.0493218782153
1266.0455234015617
2314.0985159060483
1922.7035878864563
1792.1522919394472
637.237116992686
4272.384745720573
4465.90884018395
2478.8479913335846
1205.2890461918532
1715.9376932239359
1382.5126154649693
2098.1006975661708
3126.5483381122804
1648.160508836026
1337.3343658792858
2382.0603066906074
2069.182838425762
1791.852402071357
5518.079570103105
1518.6069187994347
1211.5907156381736
6523.250173437928
1873.7868167923516
3023.647366773359
1578.9123842941233
1389.0388055244343
1199.0440515895614
1096.6428574574816
3350.6226330870245
3369.4900945400022
1337.9051690914964
3055.423070875364
1644.5681871877766
7365.430885474178
1434.0631929485412
3678.6065945813475
2070.2830432972955
3104.7248529386047
2118.86632166721
1601.0325586206172
1197.1620316618769
1873.7868167923516
2775.3865643235545
1632.8574743670379
2599.4028453977344
1559.7774507433448
1132.8025702452744
1424.5451456396588
2890.2394331584583
1256.3727755765608
1426.1713147278058
2240.087373294688
1583.9520268510466
1188.8271056176532
3027.9878207229362
1406.7893237168526
955.0194920047795
1707.081441727168
1415.3963249385984
1932.3491857749345
1868.1222581487464
1671.4806230397664
1197.208958114413
1291.441456923753
2716.008465411198
856.8160627405051
1674.7934391361734
1178.2432317810014
1100.1586854875115
2212.3946669612333
1003.5114926922924
816.3502449590633
1660.1665053485679
1285.3827575841958
4435.813069886312
7413.260204756875
2353.2286053018006
3217.864866256862
1529.3277614803135
1241.621225947903
4891.145816299431
1085.7539225498858
1291.8798572258825
2192.700926958773
3123.8838861841086
1693.2869120203663
1557.3893248823908
1598.151571672508
3473.8352793739014
655.0355559140348
2737.8063886758387
878.514226179896
1560.199336444251
1802.7661339215965
1297.5181334115348
1042.393662411971
1511.077490703648
1306.1209572008909
1684.5590849778266
2620.3362991643744
1433.8642365737799
2061.152300716347
911.8724569918639
2715.319091928878
1424.533001366113
3422.276229495685
1180.081207010639
3592.829739279168
1439.6074863123183
2229.3432067180993
1209.9443157795401
2198.3735227427073
1444.5557770073158
2579.7551378401786
1118.417369718581
1524.1680973242153
1036.9995662005817
1127.6182055925021
899.4767528269925
1992.8208111520692
5279.492846574402
1659.445607476573
1893.565258363234
1551.4253528594857
1539.3976707869028
2997.963265975832
948.5549386075293
1766.1314596428733
2113.184429639438
2240.963983082204
1421.2585532778862
1565.1381562204745
2424.479921930856
2636.582783473565
858.8088589293895
1292.007114436535
1663.1174095100346
1767.0944259300256
982.7813236567096
1072.2338954045908
2550.344013328967
867.1228095450748
1203.4343150626391
1350.3122826999693
1058.0006600058944
1462.174644506349
2495.9221072684313
1451.7348226981758
1238.3260418057082
1297.126047030828
1815.2534618629402
1207.1162585270638
2899.4487199330856
1114.6690403531013
1761.8191462383247
1091.965838303255
1076.3010081448954
1662.179561242568
1905.1531804332008
2829.7887773136777
1075.3491839446608
1286.739045804023
2146.8736043421795
1015.8381040406312
3941.795494057072
955.8981428197774
2140.680908496235
1373.4663174175546
1103.2277823960258
4275.300201352249
1565.2433200317942
928.1613641067702
2268.2040216565983
1332.301211010346
1299.6647988354193
2586.111831154505
1429.086815826793
3854.9880434927695
2183.3384671779336
1296.0000068602644
4042.340434788656
1011.120773093242
1239.928579412887
1133.5895328185907
2643.2940240474773
1089.9577139744717
2771.488643364576
1245.4680387933863
1527.978800814161
1033.601191572929
935.8734460313455
910.3014813713867
686.2951467880587
1166.2229526247377
756.010852230257
2681.6961345974414
1710.9121444486832
1826.3268060079931
2139.1445547551443
1981.5697886139997
1328.9341417604346
3838.421276114091
1619.273101114805
1050.571832861365
1795.406079272257
656.9662486067725
1137.6184818885968
934.3791266518076
1713.2371011426808
1400.40093460641
1236.7295163387323
1488.8059639647722
2944.7649775108707
980.3740540540697
1391.7857545574773
2737.8063886758387
1257.1783907768163
3123.482777190593
1686.7466812569598
3081.105815135461
3174.307309309375
1654.4619744014115
1765.4193589593199
1163.7344932202152
1077.4726081160602
4834.867443750005
2494.5219721779017
3078.053547686852
1207.175847247359
2003.4893903880863
784.1797097609573
2582.9220508683406
1157.2155962040197
2523.4208385537577
2316.892156513538
989.9189431085465
1734.6333721871197
1207.0448379572863
1388.2843135783353
1430.8302275730566
1416.0680490246982
2668.516253691873
1850.23536910004
3135.407662528225
945.7694025196757
2437.9294000661093
1395.9561254211353
1997.5261307960627
2599.978499929266
1498.344945058087
1163.0043046026722
1294.041457697465
1159.9314016756482
2430.788261174318
1404.0581044026376
2431.112367996917
1553.863122388442
3248.0224870420716
1014.5222596018793
1022.6080417735978
2452.0849181654135
1729.8615310837267
2528.247225650014
2145.104388847526
1006.5707872353951
774.6216061583407
1460.2470587803373
1471.368067549998
1004.0907820939929
2367.5716972814143
1295.6230489113975
1100.1853528110175
2396.8767549191857
980.1463907233853
1869.88949607755
1284.0148414257615
943.6281066830003
1495.4227072795254
2382.279073803117
1784.667434452142
1106.2430443427402
2545.5765040301353
766.6713372857569
781.6731597076961
5531.600789903462
3037.452424922022
899.3834093895932
6821.055508378754
1441.9202376267592
3786.400730830894
5128.145782072489
938.984810430635
2431.1149198578605
1321.0774029658476
1514.748355146699
2931.0891525954376
2070.2830432972955
1720.6272092251022
1516.4769099208017
977.0960382123585
5730.652722510341
1620.2878634055674
1195.3283301934073
1210.7123157414733
2750.9299127613313
1016.6086980170268
966.6098729171639
3162.8933058638977
2086.8286354215984
7755.816306849141
2139.1073313843667
2539.61444441063
2375.7014083945687
1011.1904130870387
1310.7799016690935
1162.6066852972258
973.1820334798522
928.0935949843945
8403.783899203569
3856.367195557064
1995.9114740554019
2128.91623881497
2419.260698494184
1051.069383106805
2217.779448764042
1869.1200443350594
1008.207757789857
1830.3391383311182
3170.4968526551265
1331.961263345175
811.7468102992312
1813.0907734111722
2217.988765333701
1772.9484600443297
1584.4430673109437
5114.002695938082
3668.553525038549
1252.1267187613867
4704.3978875328585
1157.2155962040197
1443.2174821502647
1269.8438167055972
3107.397930557181
1366.735037581305
2944.8010704102694
1182.1810815445378
942.3890810538845
876.6628347251149
3701.7000748486025
2795.9623792822144
7658.379709260442
1422.1886812302325
6062.271344885309
830.4644870525013
1007.0251676241176
1712.1763258469728
1951.243337094414
1320.5420457712064
2451.9491138670073
5410.499495754971
1607.527555399365
1301.62621583723
1182.0210877779161
1391.9015241527206
1122.7527427859902
1561.6663097040184
1227.0170723725482
939.212056943591
867.9861596486294
1791.0618784148678
1433.6832022379558
738.25167228804
1181.876903640591
1100.7535284590576
828.2512361915191
2363.194411706362
1064.6427082338546
1470.4221195063308
1073.8241147595986
1434.6220250895929
870.0082770481895
1294.5896701042018
1150.8110870565436
899.066819005009
5876.285269157601
1508.2057934751288
1363.191864643758
1347.4557727486063
1506.641171361777
1187.2008919232492
2695.808946225407
1305.2177481501021
1154.5946263731614
890.1284247967187
3248.201615289362
1108.8323075547416
2373.891703707397
1219.3937018596562
1643.0462208096508
1683.7907075099429
4914.412759399075
1721.5070195809196
1665.022473581842
1897.664581668249
989.648225744606
2904.527120989073
1124.3178547963785
1231.5784466869957
1154.703014003662
969.6513575259711
1130.5314462342694
4097.320710562504
892.4097615286283
2863.1662345189775
981.6165952143133
1539.8464507507028
1990.048572246078
1364.7246852418834
2360.911707277054
4922.751185561325
1533.4065250265242
1252.0905394695692
1679.948310630347
2486.5917519320988
1811.5698961032367
6584.43292898032
1273.8797439806967
1243.7070665550432
1229.1849140914123
1045.3363569958549
1604.1387811635573
2078.2824487926373
802.9975092313755
2477.2538075253624
2348.8615929733687
1875.2438731539426
923.8520934772632
2285.310810897201
2353.2286053018006
2776.4458459853527
3508.0481074999175
3869.3056446709984
5248.978664282471
1290.5277844876525
1077.9818517825581
1378.5710840221598
1352.9990126339476
1399.6650596278112
3421.0052163927453
1346.2474333887494
888.3453854867988
1501.7133021772127
1155.3851110609671
2919.9093697136627
1157.09582123683
3450.553650259242
1064.5249641494117
2108.6477388514504
2645.399648672517
2498.767435445229
837.7916300499926
1636.530395016052
1095.18445926449
3442.761386548489
2572.198261564176
2645.5508686370968
1110.5843711929385
1004.1131883810106
1760.362453669002
954.3383681373734
1154.145962412839
1022.6443600235369
2301.9205431299424
1487.3543748569375
1503.0239816149078
1384.8071064422895
1370.0594411751101
7329.554696079818
2179.7142849699676
1582.661215546027
2546.6164818735374
1930.3207887071683
2753.5907825460263
2452.0849181654135
2459.5744743182786
3670.0437608848174
1520.576573633403
1650.5346296665384
1071.8544596738552
1567.3452807522256
3588.3065255912265
1037.2846677002794
2172.185107546972
1245.8050895132142
769.5116841057281
2301.306563660331
1437.1149469101556
1869.771713132083
2278.8641577804615
1420.6877718260205
1854.6391831303233
1192.0541507197588
947.6751452683983
1632.7579264705557
1332.7892872393395
1013.7278442031709
3080.957732565621
987.5082927219069
1487.3644825924987
3670.0437608848174
1163.7156722727811
1079.1755780659807
2878.392528155117
1352.3639944123238
5817.720166268867
6557.917774466062
1064.827979052121
2139.312323497703
1177.078695115885
1886.797033015945
2125.922642898417
1370.2589892287829
1399.6479919904998
1127.0800540744895
2550.190489841664
1623.5941771113376
1158.4936802786192
1104.3709090766533
1390.8003845634603
1114.5393981017507
910.042341961648
1452.3165408974658
1345.6254121563938
1140.9980308168924
2771.1616506677833
1020.6801655835327
1599.8813146466737
2855.6115893552146
3483.046253751241
3028.777048516243
1965.0298319293013
1126.705183012912
1382.2004901288278
1651.363730457421
2281.233323916251
2807.593435625695
1078.3197410944058
1358.060272786259
1957.0571576233035
1520.666793624297
1209.7387606919556
1291.3428573267058
1090.350608810819
1972.836470451765
2335.8241777820417
2800.8845193407315
3117.2608502009866
1794.9760656352555
1575.5734013749002
1393.3597316437908
4272.384745720573
1340.0901243901903
3033.944873751409
4195.443022432691
2658.8269341064774
1459.6212339920598
968.09193258741
4520.15084970612
2722.966542270605
1232.356718202266
3376.61761638017
1319.4201565372225
2694.8122240072253
1137.9522757999723
1270.9834023519124
5181.530496890262
1380.598239602356
2327.967053286177
1437.3326739257402
1158.6018707530448
1056.6347970577199
1730.2382792384763
1204.2116524163466
4267.825730275874
2127.2984276440147
1221.2792465950972
973.8787292390873
1172.936031676285
3069.0891833524174
1598.5107212437322
849.3580583709343
2230.393663317728
1175.1680905322598
1753.4500187660021
2808.3589571700527
1026.342124783063
1424.7176319960308
5100.695503536421
1980.8907720846807
1506.242688443543
1211.631569669142
708.4240191003688
815.7966055270803
2760.104062919235
1444.6370720116513
1220.1956968660104
1771.1611470382902
1334.8001191132914
1347.2250586568782
1704.3258640141044
653.2993216431829
1054.6249722670486
959.626005167177
2034.2327964433814
2134.706366338414
1646.164379196925
1136.4669257456633
1298.452936191743
1830.7198622493188
918.0877354384321
1012.7568538146659
824.1673375196036
3886.4948541848016
1066.231348356116
2077.8552790993444
1483.9289609616135
1303.1025243248168
863.0794052971759
1287.827821860757
2871.679491920608
3194.6608668837735
1053.9121058887436
2120.7033181532224
927.4969121850681
4093.6750552032536
1574.2321569593703
2275.859252943486
1907.9551789061413
3577.3614538151314
818.5127717310341
800.5397424409058
1166.2229526247377
2064.704874921267
2307.0954081618547
1608.3708578412327
1257.4169008119059
1201.1473412731584
2090.415739886201
1047.1352569474564
2079.0161475678315
1558.929635960741
2772.6343923223576
1508.4860165005218
1835.3277717879707
997.1536647304198
1299.6315570093877
3799.9255410862143
2472.111545401962
3079.089442431391
1278.675207675656
1550.4240603478588
2429.133099120125
2566.2137627012285
1749.8606979726649
1052.6230097681025
2397.6857435508214
850.83706703606
895.4482097071345
1411.0877067884999
996.4089451151731
1462.0080841164622
2359.299096057565
1103.060905713802
1005.3032436113908
3110.1519235167834
1608.444318237027
1219.3300781047392
3215.58161133572
1724.0442664322445
996.5745942303776
4396.602429172085
2219.0483213514785
1533.1498398444216
3469.0597425822557
6438.250767677132
1145.5639719654005
3756.777326869133
1012.109830544376
1199.4733316166114
4748.417988074647
